4024007188661135
4916750381448781
4383456981433679210
2720991965859817
2720996098257441
5436585245618585
3479&39611042186
377555307314136
342899646371700
6011 4020 7268 2935
6011160990310571
6011325769958133265
3532151722108224
3532579939933077
3529772424199144851
5530502424072612
5508198159745841
5590648921308525
30533774063725
30363869619920
30349742272813
36878079971344
36838404165236
36939228026800
6761-4417-2803-5009
5893128519385056
5020360611440572
4917578563191922
4844987987028982
4508819958816425
6380609716627182
6398835546247418
6393158183106705
